A* case 1
[[1, 2, 7, 3], [5, 6, 11, 4], [9, 10, 15, 8], [13, 14, 12, 0]]
[[1, 2, 7, 3], [5, 6, 11, 4], [9, 10, 15, 8], [13, 14, 0, 12]]
[[1, 2, 7, 3], [5, 6, 11, 4], [9, 10, 0, 8], [13, 14, 15, 12]]
[[1, 2, 7, 3], [5, 6, 0, 4], [9, 10, 11, 8], [13, 14, 15, 12]]
[[1, 2, 0, 3], [5, 6, 7, 4], [9, 10, 11, 8], [13, 14, 15, 12]]
Solution Found!!!!!
[[1, 2, 7, 3], [5, 6, 11, 4], [9, 10, 15, 8], [13, 14, 12, 0]]
[[1, 2, 7, 3], [5, 6, 11, 4], [9, 10, 15, 8], [13, 14, 0, 12]]
[[1, 2, 7, 3], [5, 6, 11, 4], [9, 10, 0, 8], [13, 14, 15, 12]]
[[1, 2, 7, 3], [5, 6, 0, 4], [9, 10, 11, 8], [13, 14, 15, 12]]
[[1, 2, 0, 3], [5, 6, 7, 4], [9, 10, 11, 8], [13, 14, 15, 12]]
[[1, 2, 3, 0], [5, 6, 7, 4], [9, 10, 11, 8], [13, 14, 15, 12]]
[[1, 2, 3, 4], [5, 6, 7, 0], [9, 10, 11, 8], [13, 14, 15, 12]]
[[1, 2, 3, 4], [5, 6, 7, 8], [9, 10, 11, 0], [13, 14, 15, 12]]
[[1, 2, 3, 4], [5, 6, 7, 8], [9, 10, 11, 12], [13, 14, 15, 0]]
The total number of moves is: 9
Number of nodes expanded: 8
Total execution time: 16
A* case 2
[[5, 1, 7, 3], [9, 2, 11, 4], [13, 6, 15, 8], [0, 10, 14, 12]]
[[5, 1, 7, 3], [9, 2, 11, 4], [0, 6, 15, 8], [13, 10, 14, 12]]
[[5, 1, 7, 3], [0, 2, 11, 4], [9, 6, 15, 8], [13, 10, 14, 12]]
[[0, 1, 7, 3], [5, 2, 11, 4], [9, 6, 15, 8], [13, 10, 14, 12]]
[[1, 0, 7, 3], [5, 2, 11, 4], [9, 6, 15, 8], [13, 10, 14, 12]]
Solution Found!!!!!
[[5, 1, 7, 3], [9, 2, 11, 4], [13, 6, 15, 8], [0, 10, 14, 12]]
[[5, 1, 7, 3], [9, 2, 11, 4], [0, 6, 15, 8], [13, 10, 14, 12]]
[[5, 1, 7, 3], [0, 2, 11, 4], [9, 6, 15, 8], [13, 10, 14, 12]]
[[0, 1, 7, 3], [5, 2, 11, 4], [9, 6, 15, 8], [13, 10, 14, 12]]
[[1, 0, 7, 3], [5, 2, 11, 4], [9, 6, 15, 8], [13, 10, 14, 12]]
[[1, 2, 7, 3], [5, 0, 11, 4], [9, 6, 15, 8], [13, 10, 14, 12]]
[[1, 2, 7, 3], [5, 6, 11, 4], [9, 0, 15, 8], [13, 10, 14, 12]]
[[1, 2, 7, 3], [5, 6, 11, 4], [9, 10, 15, 8], [13, 0, 14, 12]]
[[1, 2, 7, 3], [5, 6, 11, 4], [9, 10, 15, 8], [13, 14, 0, 12]]
[[1, 2, 7, 3], [5, 6, 11, 4], [9, 10, 0, 8], [13, 14, 15, 12]]
[[1, 2, 7, 3], [5, 6, 0, 4], [9, 10, 11, 8], [13, 14, 15, 12]]
[[1, 2, 0, 3], [5, 6, 7, 4], [9, 10, 11, 8], [13, 14, 15, 12]]
[[1, 2, 3, 0], [5, 6, 7, 4], [9, 10, 11, 8], [13, 14, 15, 12]]
[[1, 2, 3, 4], [5, 6, 7, 0], [9, 10, 11, 8], [13, 14, 15, 12]]
DFGS Case 1
[[1, 2, 7, 3], [5, 6, 11, 4], [9, 10, 15, 8], [13, 14, 12, 0]]
[[1, 2, 7, 3], [5, 6, 11, 4], [9, 10, 15, 0], [13, 14, 12, 8]]
[[1, 2, 7, 3], [5, 6, 11, 0], [9, 10, 15, 4], [13, 14, 12, 8]]
[[1, 2, 7, 0], [5, 6, 11, 3], [9, 10, 15, 4], [13, 14, 12, 8]]
[[1, 2, 0, 7], [5, 6, 11, 3], [9, 10, 15, 4], [13, 14, 12, 8]]
No solution found
Number of nodes expanded: 1000001
Total execution time: 8630
DFGS Case 2
[[5, 1, 7, 3], [9, 2, 11, 4], [13, 6, 15, 8], [0, 10, 14, 12]]
[[5, 1, 7, 3], [9, 2, 11, 4], [13, 6, 15, 8], [10, 0, 14, 12]]
[[5, 1, 7, 3], [9, 2, 11, 4], [13, 0, 15, 8], [10, 6, 14, 12]]
[[5, 1, 7, 3], [9, 0, 11, 4], [13, 2, 15, 8], [10, 6, 14, 12]]
[[5, 0, 7, 3], [9, 1, 11, 4], [13, 2, 15, 8], [10, 6, 14, 12]]
No solution found
Number of nodes expanded: 1000001
Total execution time: 7898
[[1, 2, 3, 4], [5, 6, 7, 8], [9, 10, 11, 0], [13, 14, 15, 12]]
[[1, 2, 3, 4], [5, 6, 7, 8], [9, 10, 11, 12], [13, 14, 15, 0]]
The total number of moves is: 16
Number of nodes expanded: 15
Total execution time: 20
IDS Case 1
[[1, 2, 7, 3], [5, 6, 11, 4], [9, 10, 15, 8], [13, 14, 12, 0]]
[[1, 2, 7, 3], [5, 6, 11, 4], [9, 10, 15, 8], [13, 14, 12, 0]]
[[1, 2, 7, 3], [5, 6, 11, 4], [9, 10, 15, 0], [13, 14, 12, 8]]
[[1, 2, 7, 3], [5, 6, 11, 4], [9, 10, 15, 8], [13, 14, 0, 12]]
[[1, 2, 7, 3], [5, 6, 11, 4], [9, 10, 15, 8], [13, 14, 12, 0]]
Solution Found!!!!!
[[1, 2, 7, 3], [5, 6, 11, 4], [9, 10, 15, 8], [13, 14, 12, 0]]
[[1, 2, 7, 3], [5, 6, 11, 4], [9, 10, 15, 8], [13, 14, 0, 12]]
[[1, 2, 7, 3], [5, 6, 11, 4], [9, 10, 0, 8], [13, 14, 15, 12]]
[[1, 2, 7, 3], [5, 6, 0, 4], [9, 10, 11, 8], [13, 14, 15, 12]]
[[1, 2, 0, 3], [5, 6, 7, 4], [9, 10, 11, 8], [13, 14, 15, 12]]
[[1, 2, 3, 0], [5, 6, 7, 4], [9, 10, 11, 8], [13, 14, 15, 12]]
[[1, 2, 3, 4], [5, 6, 7, 0], [9, 10, 11, 8], [13, 14, 15, 12]]
[[1, 2, 3, 4], [5, 6, 7, 8], [9, 10, 11, 0], [13, 14, 15, 12]]
[[1, 2, 3, 4], [5, 6, 7, 8], [9, 10, 11, 12], [13, 14, 15, 0]]
The total number of moves is: 9
Number of nodes expanded: 3869
Total execution time: 76
IDS Case 2
[[5, 1, 7, 3], [9, 2, 11, 4], [13, 6, 15, 8], [0, 10, 14, 12]]
[[5, 1, 7, 3], [9, 2, 11, 4], [13, 6, 15, 8], [0, 10, 14, 12]]
[[5, 1, 7, 3], [9, 2, 11, 4], [13, 6, 15, 8], [10, 0, 14, 12]]
[[5, 1, 7, 3], [9, 2, 11, 4], [0, 6, 15, 8], [13, 10, 14, 12]]
[[5, 1, 7, 3], [9, 2, 11, 4], [13, 6, 15, 8], [0, 10, 14, 12]]
No solution found
Number of nodes expanded: 1000001
Total execution time: 1839
